11111111111111111111111111111111111111111111111111111111111111111111111111111111111111111111111111111111111111111111111111111111111111111111111111111111111111111111111111111111111111111111111111111111
34211111111111111111111111111111111221211111111111111111111111111111111111111111111111111111111111113421111111111111111111111111111111122121111111111111111111111111111111111111111111111111111111111111
14443411111111111111111144443433334221111111111111111211114111111111111111111111111111122111111111111444341111111111111111114444343333422111111111111111121111411111111111111111111111111112211111111111
11112333334444444444444344324444333444444444444444434111111144444111111111111111111111431431111111111111233333444444444444434432444433344444444444444443411111114444411111111111111111111143143111111111
11111433441111111111111111111111133333333333344431111111111111444444433321111111143344411134433341111111143344111111111111111111111113333333333334443111111111111144444443332111111114334441113443334111
44443441111111111111111111111111111411111111112434422222222244224111444444444444443444222222444444444444344111111111111111111111111111141111111111243442222222224422411144444444444444344422222244444444
11111211111111111111111111111112441112111111111114444444422211114441111111111111244111234444211221111111121111111111111111111111111244111211111111111444444442221111444111111111111124411123444421122111
11111143442111111111124444444332211111443441111111111111114441111223332244444433221111211111112111111111114344211111111112444444433221111144344111111111111111444111122333224444443322111121111111211111
11111111112333333333341111111111111111111111233333411233311111111111111111111111111111234441341111111111111111233333333334111111111111111111111123333341123331111111111111111111111111111123444134111111
11224441111111111111234221111124111444221111111122222244111144422211111111111111111111111141222111111122444111111111111123422111112411144422111111112222224411114442221111111111111111111111114122211111
44442111412211111224444444442241111112444444444444444421111111244444442211111111111111111111444444444444211141221111122444444444224111111244444444444444442111111124444444221111111111111111111144444444
11111111112123333222111111111111111111111111111111111111111111111111111111111111111111111111111111111111111111212333322211111111111111111111111111111111111111111111111111111111111111111111111111111111
11111111111111111111111111111111111111111111111111111111111111111111111111111111111111111111111111111111111111111111111111111111111111111111111111111111111111111111111111111111111111111111111111111111
11111111111111111111111111111111111111111111111111111111111111111111111111111111111111111111111111111111111111111111111111111111111111111111111111111111111111111111111111111111111111111111111111111111
11111111111111111111111111111111111111111111111111111111111111111111111111111111111111111111111111111111111111111111111111111111111111111111111111111111111111111111111111111111111111111111111111111111
11111111111111111111111111111111111111111111111111111111111111111111111111111111111111111111111111111111111111111111111111111111111111111111111111111111111111111111111111111111111111111111111111111111
11111111111111111111111111111111111111111111111111111111111111111111111111111111111111111111111111111111111111111111111111111111111111111111111111111111111111111111111111111111111111111111111111111111
11111111111111111111111111111111111111111111111111111111111111111111111111111111111111111211111111111111111111111111111111111111111111111111111111111111111111111111111111111111111111111111121111111111
11111111111111111111111111111111111111111111111111111111111111111111111111111111111111111311111111111111111111111111111111111111111111111111111111111111111111111111111111111111111111111111131111111111
11111111111111111111111111111111111111111111111111111111111111111111111111114111111111232111111111111111111111111111111111111111111111111111111111111111111111111111111111111111411111111123211111111111
11111111111111111111111111111111111111111111111111111111111111111111111111124111111111441111111111111111111111111111111111111111111111111111111111111111111111111111111111111112411111111144111111111111
11111111111111111111111111124211111111111111111111111111111111111111111112441111111111144111111111111111111111111111111111111112421111111111111111111111111111111111111111111244111111111114411111111111
11111111111111111111111111114411111111111111111111111111111111111111111124411111111111114111111111111111111111111111111111111111441111111111111111111111111111111111111111112441111111111111411111111111
11111111111111111111111111132111111111111111111111111111111111111111111144431111111111111431111111111111111111111111111111111113211111111111111111111111111111111111111111114443111111111111143111111111
11111111111111111111111111241111111111111111111111111111111111111111111114444311111111111444311111111111111111111111111111111124111111111111111111111111111111111111111111111444431111111111144431111111
11111111111111111111112222233244444211111111111111111111141111111111111111444444111111111244421111111111111111111111111111222223324444421111111111111111111114111111111111111144444411111111124442111111
11111111111111111111112444434433333111111111111111111111421111111111111124444444111111112444442111111111111111111111111111244443443333311111111111111111111142111111111111112444444411111111244444211111
11221111141111141111112444444444443112111111111111111111141111111111111244444441111111134444444111111122111114111114111111244444444444311211111111111111111114111111111111124444444111111113444444411111
42441111244111141111143444444444443114211111111111111111144111111111111344444421111111444444444311114244111124411114111114344444444444311421111111111111111114411111111111134444442111111144444444431111
44444123444442444111123444442433333224411111111111111111244421111111111144434443444444344444444444444444412344444244411112344444243333322441111111111111111124442111111111114443444344444434444444444444
43343244344444444111133444444333333444111111431121111112444441111111111114414444442424443443443242444334324434444444411113344444433333344411111143112111111244444111111111111441444444242444344344324244
42434444424434344411114444444444443244411114431342111124444441111111111112124434432222244234421222244243444442443434441111444444444444324441111443134211112444444111111111111212443443222224423442122224
22344424442433442344124444444444443144421424442423111444444442111111111221144443443444434234334444432234442444243344234412444444444444314442142444242311144444444211111111122114444344344443423433444443
12334124444222334333443444423443333214441444443413441244444444111111112422444444344344434134443444331233412444422233433344344442344333321444144444341344124444444411111111242244444434434443413444344433
44444444442243333341112444444443333244434444334334334342434234411111111334444444444444444444444444444444444444224333334111244444444333324443444433433433434243423441111111133444444444444444444444444444
44433244442244444431112444344444443244433434334344344343442444411111111143444444444344333333333333334443324444224444443111244434444444324443343433434434434344244441111111114344444444434433333333333333
14444444444433343332222444444444443244434433334344343344244442421411242144444444434314444444444444441444444444443334333222244444444444324443443333434434334424444242141124214444444443431444444444444444
14433333333333333333334444444444443444333344334334334424433421242431442344422222233314433333333333331443333333333333333333444444444444344433334433433433442443342124243144234442222223331443333333333333
24444433322442233333334444344443333333433444434334342243433441444444444444111111112424444444444444442444443332244223333333444434444333333343444443433434224343344144444444444411111111242444444444444444
14444444411121144444444444444444433444444444344424114243444441333443344443434222244414444444444444441444444441112114444444444444444443344444444434442411424344444133344334444343422224441444444444444444
14444344411222243333333334444444333334224444442222214243444441434333334443333444434314444244244333331444434441122224333333333444444433333424444444222221424344444143433333444333344443431444424424433333
14444333411111112433334234444444333333334444443222224244333342433333334444333334434314442124114322141444433341111111243333423444444433333333444444322222424433334243333333444433333443431444212411432214
14444332111111111223333344434443333333333444444421122242222222244444444444344444434314442124114322221444433211111111122333334443444333333333344444442112224222222224444444444434444443431444212411432222
14444411112121121121233333333333333333334444444434214243444341422222223444222222234314444122222434441444441111212112112123333333333333333333444444443421424344434142222222344422222223431444412222243444
14433411211212112112114333333333333333444444444434214243221441224444444442244442243324433333333333331443341121121211211211433333333333333344444444443421424322144122444444444224444224332443333333333333
24422411121121211211123333333333333333444444444434414243222441224432444442244441112224222222222222222442241112112121121112333333333333333344444444443441424322244122443244444224444111222422222222222222
14433412212112122121123411442243444432444444444324423443443341224431244442244434433314433342444444431443341221211212212112341144224344443244444444432442344344334122443124444224443443331443334244444443
14444411211211212112123411421243444434244444342244444444123441224431222231244434434314444411421222431444441121121121211212341142124344443424444434224444444412344122443122223124443443431444441142122243
14444411121121121211123411421243444344442332244444444234222341224433333332444334434314444411421222431444441112112112121112341142124344434444233224444444423422234122443333333244433443431444441142122243
14444411112112112121123422222223443444444444444444442243241241224422222222444222434314444411421222431444441111211211212112342222222344344444444444444444224324124122442222222244422243431444441142122243
14444411111211211112123444444444443422222222222222242244124241224433333331244344434314444442444444431444441111121121111212344444444444342222222222222224224412424122443333333124434443431444444244444443