                    11
                    11
                  112211
                  112211
                1122222211
                1122222211
              11222222222211
              11222222222211
            112222222222222211
            112222222222222211
          1122222222222222222211
          1122222222222222222211
        11222222222222222222222211
        11222222222222222222222211
      112222222222222222222222222211
      112222222222222222222222222211
    1122222222222222222222222222222211
    1122222222222222222222222222222211
  11222222222222222222222222222222222211
  11222222222222222222222222222222222211
  11222222222222222222222222222222222211
  11222222222222222222222222222222222211
  11222222222222222222222222222222222211
    1122222222222222222222222222222211
    1122222222222222222222222222222211
      112222222222222222222222222211
        11222222222222222222222211
          1111222222222222221111
              11111111111111