                 11111111                                                                                
               1111111111                                                                        
           111111111111111111111111111111111111111111111111111111111                      
         11222222222222222222222222222222222222222222222222222222221111    111111             
         111111111111111111111111111111111111111111111111111111111111111111      11              
         111111111111111111111111111111111111111111111121212121211111112121211111111                
           11111111111111111111111111111111111111111111121212121211111111222111111                 
             111111111111111111111111111111111111111111112121212121111122111111111                 
                                 111111111111111111111111111111111111111111111                 
                                              111112121111111111111111111111                         
                                                1111121212121212121212121                     
                                                      1121212121212121212                     
                                                      1111212121212121211        
                                                      1111112121212121211                       
                                                      1111111212112121111                         
                                                        11112121212121111                         
                                                        1111212121212121111
                                                        1111212121212121111
                                                          11112121212121111
                                                          1111212121212121111
                                                          1111212121212112111
                                                          1111212121211211111
                                                            1111212111211111111
                                                            1111212121212111211
                                                              11212121211111211
                                                              11112121212121211
                                                              11112121212121111
                                                                1111111111111