                               1111
                               112211
                               11222211
                                 11222211
                                 1122222211
                                 112222222211
                               11222222222211
                               1122222222222211
                             112222222222222211
                             11222222222222222211
                           1122222222222222222211
                           1122222222222222222211
                         112222222222222222222211
                         112222222222222222222211
                       112222222222222222222211
                     11222222222222222222222211
                   11222222222222222222222211      11
                 11222222222222222222222211        1111
                 112222222222222222222211        112211
               112222222222222222222211        1122222211
               1122222222222222222211        112222222211
             112222222222222222222211      11222222222211
             1122222222222222222211      11222222222211
             1122222222222222222211      11222222222211
               112222222222222211      11222222222211
               112222222222222211      11222222222211
                 1122222222222211        1122222211
                   1122222222222211      1122222211
                     1122222222222211      112211
                       1111222222222211      1111
                           11112222222211      11
                               111111111111

   333333333333             33333333333333             33333333333333
 3333333333333333           3333333333333333           3333333333333333
 3333        3333           3333        3333           3333        3333
 3333                       3333        3333           3333        3333
 3333                       3333        3333           3333        3333
 33333333333333             3333333333333333           33333333333333
   33333333333333           33333333333333             3333        3333
             3333           3333                       3333        3333
 3333        3333   33333   3333               33333   3333        3333
 3333333333333333   33333   3333               33333   3333333333333333
   333333333333     33333   3333               33333   33333333333333