                                  11
                                 1111
                              221112            1
                1            111111            121
              212           111111            1122
            1111          111111            1111
           21111           111111          11111
           211111          1111111        111111
            21111          21111111       1111111      12
       1     1111111       21111111121   111111111   1111    1
      21      111111111111211111111111111111111111111111      21
     2111     211111121111111111111111111111111111111111      211
     211122  111111111211111111111212211111111111211111111   2112
      11111111211111112222112111111222211112221112221111211111111
       11111111221111122211221111111222211122211222221112221111
        1111121222111221221222111111221221122222222221122221111
         11111122111122221122222222222222122222222222212222221
        111122221112221111121212212222222222212112222211222211
       111111221111122222222222212222122222222222222222122222111
       1111112211112221111122222222222222212222211122221122221111
       1111111221111222111111222222222222211222111122222122222111
        111111121112211111111222222222222222211111222222222221111
         1111122112211111111222222222222122211111222222222222111
         11111112112211111111121112222222221111111122222222111
           111111111211111111112222222222211111112222122111111
             1111111112112111111122222222111112222221111111
               1111111111111111122211222211111111111111
                  111111111111112211112211111111111111
                     111111111111111112211111111111
                           11111111112111111