               11
               11
              1221
              1221
             122221        11
             122221        11
            12233221      1221
            12333321      1221
           1223333221    123221
           1223333221    123321
          122333333221  12333221
          123333333321  12333221
   11    122333333322211233332221
   11    122333333332211233333221
  1221  12234443333333223344433221
  12221 12234443333333233344433221
 1222311223333333333333333333333221
 1233311333333333333333333333333221
123333333333333333333333333333332221
1223333333333333333333333333333332221
1111111111111111111111111111111111111