66666666666666666666666666666666666666766666666666666666666666666666666666666666666666666666666666666666666666666666666666666666666666666766666666666666666666666666666666666666666666666666666666666666
76666666666666666666666666666666666666666666666666666666666666666666666666666666666666666666666666776666666666666666666666666666666666666666666666666666666666666666666666666666666666666666666666666766
67776666666666666666666666667777776666666666666666666666666666666666666666666666666666766666666666667776666666666666666666666667777776666666666666666666666666666666666666666666666666666766666666666677
66666777777777777777777777667777777777777777777777776666666777776666666666666666666677667766666666666666777777777777777777777667777777777777777777777776666666777776666666666666666666677667766666666666
66666777766666666666666666666666777777777777777766666666666667777777777666666666777776666777777666666666777766666666666666666666666777777777777777766666666666667777777777666666666777776666777777666666
77776666666666666666666666666666667666666666667777666666666777666666667777777777766776666666667777777776666666666666666666666666666667666666666667777666666666777666666667777777777766776666666667777777
66666666666666666666666666666666766666666666666666677776666666676666666666666666676666777766666666666666666666666666666666666666666766666666666666666677776666666676666666666666666676666777766666666666
66666777776666666666677777777776666667777766666666666666677766666677777777777776666676666666766666666666777776666666666677777777776666667777766666666666666677766666677777777777776666676666666766666666
66666666667777777777766666666666666666666666777777666777666666666666666666666666666667777767666666666666666667777777777766666666666666666666666777777666777666666666666666666666666666667777767666666666
66667766666666666666776666666677666776666666666666666776666777666666666666666666666666666766666666666667766666666666666776666666677666776666666666666666776666777666666666666666666666666666766666666666
76666667777666667777766677776666666666677777777666666666666666666777776666666666666666666666667777776666667777666667777766677776666666666677777777666666666666666666777771111111111111111111111117777766
1111111111111111111111111111111111111111111111111111111111111111111111111111111111111111111111111111111111111111111111111111111111111111111111111111111111111111111111111111111111111111111111111111111
1111111111111111111111111111111111111111111111111111111111111111111111111111111111111111111111111111111111111111111111111111111111111111111111111111111111111111111111111111111111111111111111111111111
1111111111111111111111111111111111111111111111111111111111111111111111111111111111111111111111111111111111111111111111111111111111111111111111111111111111111111111111111111111111111111111111111111111
1111111111111111111111111111111111111111111111111111111111111111111111111111111111111111111111111111111111111111111111111111111111111111111111111111111111111111111111111111111111111111111111111111111
1111111111111111111111111111111111111111111111111111111111111111111111111111111111111111111111111111111111111111111111111111111111111111111111111111111111111111111111111111111111111111111111111111111
1111111111111111111111111111111111111111111111111111111111111111111111111111111111111111111111111111111111111111111111111111111111111111111111111111111111111111111111111111111111111111111111111111111
1111111111111111111111111111111111111111111111111111111111111111111111111111111111111111111111111111111111111111111111111111111111111111111111111111111111111111111111111111111111111111111111111111111
1111111111111111111111111111111111111111111111111111111111111111111111111111111111111111111111111111111111111111111111111111111111111111111111111111111111111111111111111111111111111111111111111111111
1111111111111111111111111111111111111111111111111111111111111111111111111111111111111111511111111111111111111111111111111111111111111111111111111111111111111111111111111111111111111111111511111111111
1111111111111111111111111111111111111111111111111111111111111111111111111111111111111151111111111111111111111111111111111111111111111111111111111111111111111111111111111111111111111111151111111111111
1111111111111111111111111111111111111111111111111111111111111111111111111142111111111511111111111111111111111111111111111111111111111111111111111111111111111111111111111111142111111111511111111111111
1111111111111111111111111114111111111111111111111111111111111111111111111421111111111141111111111111111111111111111111111111114111111111111111111111111111111111111111111111421111111111141111111111111
1111111111111111111111111111211111111111111111111111111111111111111111115511111111111141111111111111111111111111111111111111111211111111111111111111111111111111111111111115511111111111141111111111111
1111111111111111111111111115111111111111111111111111111111111111111111155511111111111111511111111111111111111111111111111111115111111111111111111111111111111111111111111155511111111111111511111111111
1111111111111111111111111151111111111111111111111111111111111111111111115552111111111111552111111111111111111111111111111111151111111111111111111111111111111111111111111115552111111111111552111111111
1111111111111111111111111115144444411111111111111111111141111111111111111455521111111111155411111111111111111111111111111111115144444411111111111111111111141111111111111111455521111111111155411111111
1111111111111111111114222225233333111111111111111111111211111111111111112555551111111111555541111111111111111111111111114222225233333111111111111111111111211111111111111112555551111111111555541111111
1111111121111111111111222225533333111111111111111111111111111111111111155555541111111155555551111111111111121111111111111222225533333111111111111111111111111111111111111155555541111111155555551111111
4151111125111144111142222255333333111111111111111111111155111111111111555555411111111555555555111124151111125111144111142222255333333111111111111111111111155111111111111555555411111111555555555111141
5554111255541452111114222221233333412211111111111111111155511111111111155222554444444555555555444425554111255541452111114222221233333412211111111111111111155511111111111155222554444444555555555444455
1155145312555555411142222221333333152111111421111111111555521111111111115212222222222222223551222221155145312555555411142222221333333152111111421111111111555521111111111115212222222222222223551222211
4315552413331455511114322221333333155211115421251111112555521111111111112112333324114123133411212134315552413331455511114322221333333155211115421251111112555521111111111112112333324114123133411212143
4325242222123224454112522222333333115211515524213111455555521111111111141122223332222234432322222244325242222123224454112522222333333115211515524213111455555521111111111141122223332222234432322222243
1322112222224432333242222224523333214541555553213521125555554111111112114222222333222331132333222341322112222224432333242222224523333214541555553213521125555554111111112114222222333222331132333222313
5555522222133333331111222221553333115545553232332332321113245411111111522222222225555555555555555555555522222133333331111222221553333115545553232332332321113245411111111522222222225555555555555555555
2222212222133333331111222255552333155222322222222222222321323411111141152222222222222222222222222222222212222133333331111222255552333155222322222222222222321323411111141152222222222222222222222222222
4233342222133333331144222555523333222232332322323323322432224221511431155222222233242333333333333344233342222133333331144222555523333222232332322323323322432224221511431155222222233242333333333333342
4233323232232232322322222355533333223232355333323323243233344121521431555222222233242333333333333344233323232232232322322222355533333223232355333323323243233344121521431555222222233242333333333333342
2222222211121142232232222255522222323333555232332321123332224255555532551111111112222222222222222222222222211121142232232222255522222323335555232332321123332224255555532551111111112222222222222222222
4233322211121112222222222255552322222225555222222112123333324323333255523332222233242333333333333344233322211121112222222222255552322222225555222222112123333324323333255523332222233242333333333333342
4233322211444423333333332555552333333225555522222212123333324232333225552332222233242331122422323344233322211444423333333332555552333333225555522222212123333324232333225552332222233242331122422323342
4233323241111111233333445555553333333335555554111142422222222233323333555323332233242331124142312114233323241111111233333445555553333333335555554111142422222222233323333555323332233242331124142312142
4233334111111111412322223211524232232222555555511111121111114122222222555222222233242331124142312214233334111111111412322223211524232232222555555511111121111114122222222555222222233242331124142312242
4233311111111111111123332332333323323335555555522212123122224222222222555222222233242331111111333344233311111111111111123332332333323323335555555522212123122224222222222555222222233242331111111333342
4233341111111111111114233333333333333355555555522212123121224122233355531222324423242333333333333344233341111111111111114233333333333333355555555522212123121224122233355531222324423242333333333333342
4211141144144141441412333333333333333255555555522212123111124122231435551222341111142111111111111114211141144144141441412333333333333333255555555522212123111124122231435551222341111142111111111111142
4233341212212412122112341221123333334455555554122222222223324122231425531222322233242333311222222244233341212212412122112341221123333334455555554122222222223324122231425531222322233242333311222222242
4233341421221244212212341221123333332215555112222222233123324122231111131222322233242333311211212244233341421221244212212341221123333332215555112222222233123324122231111131222322233242333311211212242
4233341144144141441412341221423333322222222222222222433124324122233333331222322233242333311211212244233341144144141441412341221423333322222222222222222433124324122233333331222322233242333311211212242
4233341111111111111112333333333332222222222222222222222222144122211111111224112233242333311222222244233341111111111111112333333333332222222222222222222222222144122211111111224112233242333311222222242