                                                               11111111111111111
                                                              1333433333333343331
                                                              1334333333333334331
                                                              1334333332333334331
                                                              1334333322233334331                                    
                                                            11334333322222333343311
                                                            13343233222222233234331
                                                            13343322222222222334331
                                                            13343333322222333334331
                                                           1133333333333333333333311
                                                          111111111111111111111111111
                                                           1144444444444444444444411
                                                            11111111111111111111111


  555555                            5555  5555                          55555555  55                      5555  5555
55      55                          5555  5555                          55                                5555  5555
55      55  555555      555555      55  55  55    555555    555555      55        55  55 555    555555    55  55  55    555555    555555
55      55  55    55  55      55    55      55  55      55  55    55    555555    55  555     55      55  55      55  55      55  55    55
55      55  55    55  5555555555    55      55  55      55  55    55    55        55  55      5555555555  55      55  55      55  55    55
55      55  55    55  55            55      55  55      55  55    55    55        55  55      55          55      55  55      55  55    55
  555555    55    55    555555      55      55    55555 55  55    55    55        55  55        555555    55      55    55555 55  55    55 