
                                  333333
                              333333333333
                1111111122  333333    3333
            11111111111111222233      3333
          1111111111111111111122    3333
        11111111111111111111111122  3333
      11111111111111111122221111113333
      11111111111111112222222211113333
    1111111111111111112222222211333322
    1111111111111111111122221133333311
    1111111111111111111111113333331111
    1111111111111111111111333333111111
    1111111111111111111133333311111111
      111111111111111133333311111111
    33111111111111113333331111111111
  33333311111111113333331111111111
  3333    1111113333331111111111
3333        333333331111111111
3333    333333331111111111
333333333333
  333333